2
8
14
31
32
33
34
36
37
40
41
43
45
49
52
53
56
62
69
71
73
76
83
88
94
98
99
101
105
109
110
125
126
129
131
138
139
141
144
146
147
148
151
157
162
165
167
168
172
175
177
179
181
185
186
190
196
198
203
208
209
210
213
220
221
222
223
227
230
231
233
235
239
240
243
248
250
251
255
256
258
259
263
265
268
271
273
274
275
279
284
297
299
301
305
306
310
313
316
319
320
322
330
331
336
337
338
339
341
343
345
347
348
352
354
358
359
360
361
365
368
370
374
375
376
378
384
387
388
389
390
393
396
397
401
403
409
413
414
415
426
434
435
441
442
444
447
448
452
456
467
474
477
478
482
486
487
490
493
500
501
503
510
511
513
516
518
524
525
527
528
530
532
534
544
545
547
548
550
551
555
556
559
561
563
564
565
567
568
569
578
580
583
586
588
589
591
592
598
601
602
603
608
616
617
621
622
623
625
626
627
630
633
637
639
640
641
642
648
651
656
658
661
662
665
666
669
671
674
680
681
683
685
686
687
691
693
694
695
697
700
709
715
717
721
722
723
733
737
738
741
747
749
753
762
763
767
769
770
771
773
774
778
787
788
791
793
795
796
802
803
804
805
807
808
809
815
817
822
823
827
829
833
837
840
845
846
849
850
853
861
864
870
874
880
882
887
889
891
894
898
906
909
912
914
915
920
922
923
930
932
936
937
938
943
944
948
950
952
953
954
956
959
962
969
971
977
980
986
990
994
1000
