3
5
11
15
18
19
23
25
28
29
30
39
42
46
47
51
61
63
70
74
77
80
81
85
87
95
96
103
104
106
111
116
120
121
123
124
130
132
134
135
136
137
143
153
154
155
156
158
159
160
171
178
180
182
188
189
192
194
195
199
201
202
206
207
212
214
216
217
224
225
234
238
242
244
246
247
249
253
260
262
278
281
282
285
286
287
291
292
293
294
295
296
298
304
307
309
311
312
314
318
323
324
327
328
332
334
350
355
366
371
372
373
377
381
385
386
400
402
404
405
406
408
411
416
417
418
420
421
422
423
425
427
433
445
446
450
451
453
455
458
459
462
463
466
468
469
472
475
476
479
484
489
495
497
498
499
502
504
507
509
512
514
519
521
522
523
526
529
533
535
536
537
538
540
549
552
553
557
558
562
566
572
574
575
576
577
579
585
590
594
595
597
599
600
606
611
612
613
615
619
628
631
632
635
645
646
647
650
652
659
663
667
670
673
675
676
677
690
701
702
703
705
706
707
708
710
711
713
718
725
726
727
728
730
731
732
735
736
740
742
746
754
755
756
757
758
759
760
764
766
768
772
779
780
783
784
786
792
798
800
801
806
810
813
814
819
820
821
824
826
830
831
832
834
835
836
838
839
843
847
848
852
854
855
857
859
862
866
869
871
872
873
885
886
890
893
895
901
903
904
905
907
908
910
913
916
918
919
927
929
931
934
942
951
955
957
963
965
966
967
970
972
974
975
976
978
979
981
985
988
993
996
998
