4
6
7
9
10
12
13
16
17
20
21
22
24
26
27
35
38
44
48
50
54
55
57
58
59
60
64
65
66
67
68
72
75
78
79
82
84
86
89
90
91
92
93
97
100
102
107
108
112
113
114
115
117
118
119
122
127
128
133
140
142
145
149
150
152
161
163
164
166
169
170
173
174
176
183
184
187
191
193
197
200
204
205
211
215
218
219
226
228
229
232
236
237
241
245
252
254
257
261
264
266
267
269
270
272
276
277
280
283
288
289
290
300
302
303
308
315
317
321
325
326
329
333
335
340
342
344
346
349
351
353
356
357
362
363
364
367
369
379
380
382
383
391
392
394
395
398
399
407
410
412
419
424
428
429
430
431
432
436
437
438
439
440
443
449
454
457
460
461
464
465
470
471
473
480
481
483
485
488
491
492
494
496
505
506
508
515
517
520
531
539
541
542
543
546
554
560
570
571
573
581
582
584
587
593
596
604
605
607
609
610
614
618
620
624
629
634
636
638
643
644
649
653
654
655
657
660
664
668
672
678
679
682
684
688
689
692
696
698
699
704
712
714
716
719
720
724
729
734
739
743
744
745
748
750
751
752
761
765
775
776
777
781
782
785
789
790
794
797
799
811
812
816
818
825
828
841
842
844
851
856
858
860
863
865
867
868
875
876
877
878
879
881
883
884
888
892
896
897
899
900
902
911
917
921
924
925
926
928
933
935
939
940
941
945
946
947
949
958
960
961
964
968
973
982
983
984
987
989
991
992
995
997
999
